-118066493.87
-112753415.85
109380149.27
227284463.42
-42514115.9
26211333.86
-91582785.38
-206325346.68
209228811.58
-75747302.63
-101443067.01
195687448.84
77163065.07
210015707.33
48224376.36
-151783667.57
-39806717.33
-66398886.25
106918464.74
120947111.72
10966135.69
387591905.02
218975850.44
194094000.94
112838807.84
-169274060.45
-90773146.95
133621084.69
-175355152.94
306760753.59
131942789.33
-142378982.3
66101817.09
-299208133.54
-32303835.75
-323565530.68
270116576.57
24565014.91
-446840661.81
237659712.51
-65941787.78
-255698807.07
-231825702.37
-233679784.83
-278041337.91
-96423617.69
77384785.85
-67978403.64
-33368540.08
-94782787.35
-186975879.08
-148052952.52
-9945935.59
-339149241.41
233877962.94
-185108158.93
-146991219.97
-100180939.16
146265302.89
-50754896.48
236919558.28
-216134990.87
160004415.08
-258530736.35
-191104821.7
92913748.31
-13995580.54
-186983218.31
266416541.86
44872864.82
282097654.38
524288939.53
121223078.93
-111134350.89
406109221.29
407077821.56
-69111467.29
95761799.51
38823476.4
13297594.48
-49173487.53
-216358319.84
30874642.67
-41496666.88
-92253398.07
431409978.9
253146212.61
307028920.14
165836858.27
268119768.51
105184356.92
55718892.0
