9557,14378,6089,14136,7189,10284,14840,15073,8383,6986,14841,5468,16686,13482,10831,9909,7958,14535,7784,6978,9136,12856,18412,13163,4826,8870,9487,8447,11351,7885,7488
19857,19961,7445,17898,5638,14455,19267,10917,13435,13117,10267,15317,13657,19989,7855,5139.0,19303,18394,7685,12159,11057,16026,14467,13259,19017
19289,10227,16791,16397,10738,9481,19259,15228,10248,16317,8121,5883,15081,4780,15543,8667.5,15799,11763,5156,12554,8555,17183,12700,19816,16725,15681,11561,7500,8090,16235,8876.5,15955,14814,14881,6502,5927,18292,12035,6820,19219,16676,8768,11002.5,13237,19685,19884,18165,14712,6543,18508,11937.5,5367,10489,5758,19051,12065,11050
6778,7882,9751,7327,5922,5548,7465,15922,15201.0,14480,9605.5,12099,8259,4767,9429,8438.0,7447,11198.5,14950,7809.5,17477,12839,5419,6811.0,8203,13716,17857,9215,14765,19458,17155,17576,7312,5836,12408,8665,8131,12001,11851.5,19887,11476,16796,18565,14284,11310,13463,13985,10385,10363,13689,8096
10550,16704,19939,17299,15534,15777,12489,14592,6077,13488,16561,17983,17443,16808,7982,8571,10684,7810,12009.0,16208,12570,18954,12256,18051,17984.5,17918,9353.0,11597,18917,6001,5976.5,5952,9648,19134,15879,14067,18224,6970,16088,5409,7808,9105,18460,6929,9891,4900,17275,11960,13938,10663,17675,15051,10513.0,5975,10976,10834,15564,16865,8134,16325
5870,7760,7122,18597,17911,7498,12882,15580,12378,5855,10597,12587,16853,12934,10221,8652,5795.0,9919.0,16886,16692,19361,15008,13891,7970.5,6171,14214,17897,5428,15270,17355,16496.0,15637,17507,10808,10693,13074,16817,12353,8725,10851,5690.0,16215,10911,10810,5007,5837,9292,13559,7626,8208,6166,8727,17417
9123,12673,5318,17900,9413,7520,9316,19307,11748,7551,11537.0,15523,14043,13696,15903,10351,13621.0,16891,7281,14972,14212,16368,8404.0,18002,10861,9516,18201,17642,9252.5,12625,10459.0,18303,14845,8674,6289,19276,15734,8791,10023,14671,5567,17558,9904.5,5503.5,8756,8535,11626,19116,19761,11035,13195,6407,11772,19064,18664,9691
19900,18195,19129,17278,6158,8161,9728,9137,13973,11639.5,9306,10151,5508,18516,18138,9123,15691,10372,5640,13707,8836,14664,15242,14839,7223,19310,10171,13558,17907,16487,9198,10155,9998,8736,10642,8347,15328,19907,16868,10947,19394,14283,16993.0,19703,11699.0,6588,18260,16587,15424,10382,10830,17063,14649
7674,8567,19694,9637,7636,15022,10878,12040,15647,5602,11250,8103.0,15050,8627,5097,10593,6877,12287,9871,7074,9790,6813,16199,14511,5567,7234
15399,11369,15790,10784,9157,8212,15586,18171,12304,5847,11316,4813,14483,11847,12189,16772,19307,11427,12348,7329,14053,10552,12682
19347,15952,6647,19155,5023,17709,14784,9519,12809,16904,19741,18731,14370,6556,12709,8477,12180,14502,14399
8484,11819,9563,18616,6137,13800,13724,14816,8535,9126,6354,19787,15400,13430.5,11461,13121,9085,6621
9354,13245,9884,8172,11845,7590,11144,7551,11324,19714,14562,5964,5623,11179,9900.5,8622,6877,8981,14574,7662,6119,19433,12292,19489,10599,7406,10367,15692,7756,12450.0,17144,16341,17357.5,18374,12751.0,7128,17151,13944,14711.0,15478,5523,14311,7717.0,14627,8022,16545,11548,11775,5616,9082.0,12548,8234,11707,8272,17916,9427,17685,10082.0,5071,8272,5907,8958,7592
17251,14294,18169,10540,19481,14957,12621,7075,19587,13760,15830,12604,6052,11831,14146,12574,5419,7622,16088,17794,17347,10081.5,11706,16555,14929,12404.5,9880,7827.5,5775,17531,12993,18531,13889.0,9247,17217,9280,16080,8761,18645,14676,9485,9744,17093,12440,4932
12684,9196,5106,6762,16563,15336,5472,6509,4914,11530,17926,8568,18933,15213,17354,6497,16934,12779,8079,15535
19305,9914,10192,18756,17890,14831,6157,5494,19942,17096,14067.5,11039,7120,12240,14600,12192,18938,14122,17838,19983,6405,11943,12514,14882,6636,4833,19502,6253,6384,8926.0,11468,11146,19193,17863,17376,13966,9133,15715,8867,14574,12825,13568,15699,18519,13035,16698,9560,19377,6240,18385,11942,19234,16536.0,13838,9407,6715,6487,7120,4855,7172
11743,15922,13411,16931,14551,11040,17227,16461,13801,10763.0,7725,5039,11798,13752,13694,15650,11803,9582.5,7362,10779.0,14196,12274,6052,5584,10641,8526,10029,9614.0,17344,4994,13471,5839,7370,11215.0,15060,6811,12333
7741,9042,6744,10405,11986,12450,15826,5231,10692,11240,8123,9018,11248,10938,5968,15394,15080.0,14766,7645,13551,12352.5,11154,8246.0,5338,8449,11553.0,14657,7343,4970,5118,15725,5054,14328,18614,5790,11121,5925.0,19961,17247,14367,16696,14581,6375,12998
5243,9802,11923,19928,9802,10917,7424,18602,13614,16654.0,19694,16742,14843,10808,14141,13078,16350
16132,13344,19721,9860,15835,5765,10440,13664,17951,13651,13686.0,13721,12854,19093,15023,4834,7665.0,10496,14116.0,17736,9884,12364,6082,10911,5425,17552,15875,11812,16300,8358.5,18735,9681,13029,6182,7211.5,8241,17945,15706,17680,17822.0,17964,5272,11373,17039,15666,14178,14255,14389,8310,18234,17633.0,17032,18699,15268.5,11838,8903.5,5969,18867,4861,10115,8681,14983,18464,12371,9554,8940
14586,15082,9254,5098,10916,7894,12256,6457,10162,16960,10367,6534,6556,18015,12362,5513,17168,9363.5,18642,7793,15435,6514,12032,8978,5312,5883.5,6455,5964,8148,15107,18948,14434,10284,19378,5092,5779,14317,19334,11790,15579,15025,9585,5666,11683,8574,19253,13966,17256,18671
18226,11332,8489,5742,18803,7241,16755,5656,10086,12028,11116,13434,8664,11426,7088,8591,5851,17712,11278.0,4844,13928,17883
16049,16752,14009,10702,17253,18246,11573,14049,11073,18822,18768,12060.5,5353,12132,7109.0,14362,11939,6499,5036,19131,19734,8909,14285,13981,8985,5796.5,19271,12852,14698,10169,19517,16882,7885,7303,17439,7257,13238,17995,17946,4943,9145,10387,8386,5031
13776,6525,9600,5732,15334,16978,7818,7474,17547,7515,8343,13001,14524,19739,9130,14046,11521,12133,17710,17496
14324,9252,10781,17578,10836,16832,14930,17163,6974,6871,19604,7270,14665,6318,15763,7147,14856,17128
15060,7783,6789,16745,7168,17342,10305,15550,6592,6503,13847,5803,9196,9700.0,10204,13723,6607,18216,14740,12814,16383,13706,19858,19580,15059,7671,11003,11201,12518,18715,10196.5,19696,16468,7090,12289.0,17488,9964,14014.0,18064,10396,16329,11102,18506,10124,8399,11093,15779,8669,9320
5365,18656,13906,15065,13012,10938,5831,18641,10335,9268.0,8201,6513,12044,13413.0,14782,19004,18457,14632,17702,15070.0,12438,13159,13352.0,13545,16426,14904,15619,10373,9625,5034.5,5178,12606,19888,10037,14625,18490,8790,7401.0,6012,12634,16884,5164,8584,15251,19514,14324,18558,5187,11888,13269,18679,13800.0,8921,9911,17628,5406,4871
10192,13476,17542,10983,6610,10453,14373,11193,18243,8633,18620,5767,5658,15758,12928,13656.0,14384,9121,5492,9031,14900,7138,6085,8394.0,12866,13722.5,14579,10769.5,6960,17360,4805,15258,15116,19127,10216.0,6415,5492,8386.5,11281,11071,10108,6348,14218,16765,15717.0,14669,6987,6039,12128,12828
19740,8028,6123,19750,9692,17233,10241,18235,6234,11210,17021,14933,7288,12881,16840,14793,8911.5,6960,8911,6933.0,4955,8985,13123,8262.5,16073,17182,12208,18577
10590,5084,12730,9265,13017,18230,7316,16210,9580,15520,18865,13781,14097,19613,6578,9424.0,12270,12006,13739,6282,16301,6129
14017,14109,5067,19147,9337,7420,9242,10305,19554,10385,10848,13739,8776,16395,14902
6445,13329,13256,14119,9069,8855,14466,4968,13169,16993,10750.5,5601,11213,9098,7242,11737,12217.0,12697,11356,6020.5,7365,18263,18374,13018,10622.5,8227,5978,15601,14594,17398,13376,7979,10129.5,12280,10191,9814,7811,17004,11280,10271,13552,8104,11081,10229,14254,10594.5,6935,7920.5,8906,12876,19977,13099,16783,18558,19848,7494,8181,8481,11182,9786,15373,13600,18252
11519,10397,6969,18096,7160,16979,19114,15661,8356,19201,9784,10732,17014,8264,10065,13153,13980,19315,11055,6908,17324,11151,18132,10672,6338,12289,15674,10196.0,19187,8066,19900,13687,8451,5577,12408
16130,13407,16193,8857,9366,15211,14629,10263,7917,8593,8378,16484,18107,8405,14021.0,19637,19388.5,19140,9076,11397,7155,18763,15674,12183.0,8692,13773.0,18854,16438.5,14023,10043,6860,15902,5111,15477,8028,6822
4829,10403,19743,8438,10172,13543,11564,10685,13348.0,16011,13304,14098.5,14893,14000,8580,8570,9710,16688,11121,12306,13154,18350,13122,16714,16414,19150
10897,17799,8752,10506,15516,18523,7023,17463,8534,7064,16752,8519,11703,15604,12775,14710,8432,8459,14137,5637,14825,17232,18839,11877,5756,11090,11429.0,11768,15175,13507,18778
19598,7171,8834,11822,19996,19789,13254,11108,14187,17431,13547,6722,14934,10255,6078.0,11216,14827,11663,12961,12071.0,11181,11284,15736,19911,6589,14209,13312,16100,8132,15367,10968,12979.0,14990,15881,14222,19349,9675,15579,12206,18776,10347.0,5744,8421,14294,4765,6710,11620,8080,9135,11950,15912.5,19875,6594,16132,19465,5446
19047,4845,6666,15327,5922,11779,7491,7609,7313,8326,10913,15871,7147,19168,9632,17017,11564
10525,16551,13430,13961,6119,19850,18205,5657,13456,10055,4886,5248.5,5611,13296,16882,10883.0,4884,13627,17236,5741,13917,13312,6087,12488,8850,11889,11884,17976
9497,6508,17654,13824,9852,8747,18653,16336,8246,9997,11962,13316,7734,9167,16524,9587,12752,9303,5810,18156,10907,13083,18392,6206,12055,7933,9678,15854,13290,12562,16465,19792,15753.0,11714,17810,7252,6746,9424,7967,17386,14331,14168,17370,5097,8498
5526,5187,14192,5420,10440,18185,9720,11472,18915,6432,18382,5406,9224,15166,8446,5179,12225.0,19271,11340.0,10205,11363,12350.5,13338,6871,19943,12689,8421,9596.0,10771,14675.0,18579,8459,13302,11609,8776,17695,9167,17886,19088,9529,7635,14425,10740,18643,10020,6293,18167,6141
19702,18209,5116,18848,17311,8057,19451,9024,6451,14822,14644,18267,14397,6719,9762,6110,11179,11859,17941,18171,6933,15958,4975,18199,7723,10059,11312,15798,8504,16591,10748,5854,16146,15360,19966,17414,6392,5301,18163,13269,9337,9792,19139
8346,11973,12376,7641,12439,15148,17306,19072,12160,13071,16333,7432,13225,6533,14362,15851,11577,14039,14748,7439,11700,15702,18656,9410.0,8372.0,16580,19555,18800,18652
12077,9675,19885,13993,12004,14264,17123,15355,18192,12531,14353,18385,13479,12325,6641.5,15359,5634,6715,5489,6643,14559,19522,18091
8470,14171,12817,8049,11331,16005,18294,19318,9169,17969,7782,5290,6211,12593,19565,14442,14314
7885,15730,13780,12122,9177,12676,8851,7953,14883,19916,14859,19735,15379.0,11023,6201,8343,6520,9895,16972,6058,11606,12753,10821,9504,9990.0,10476,19203,17256,7718,14984,17532,8517,10558,13286,10693
15545,9696,8968,13385,12284,19307,5944,17831,7287,16950,9504,15894,18124,6114,11478,13003,14774
13832,18998,8137,14579,16360,14159,6502,16523,19820,15530.5,11241,18387,7969,16156,10367,8080,5104,9156,5452.5,8509,7098,14916,17549,19739,4997,8080,13304,7635,10744,11010,5564,5284,15966,18023,13534,14763
18807,5251,9800,9987,6248,5058,9056,9540,6938,14373,4910,16034,12776,13903,16206,5051,17208,14769,8296,14352,10855,11532,19388,14379,9297,16852,5069,18165,5003,5567,15164,5815
7551,14942,12462,18032,18304,15592,9780,14459,13531.0,12603,18775,6793,19373,13429,16237,13985.0,11733,5675,17876,4953,6777,7119,8036.5,13128,15890,17809,7775,5924,18788,4787,14096,17699,6360,11103,17276,6223,19024
14842,15694,12320,7905,19294,18309,5775,16204,17212,18181.0,19150,18210,4918,4809,17442,16936,8027,5750,12022,10079.5,8137,14920,7519,4940,5329,18738,14404
6577,14825,19270,18272,19443,19469,16749.5,14030,16677,4916,17751,14221.0,10691,8859,7370,15280,14443,11473.5,8504,7031,18473,12600,9834,7353,7501,12944,5144,11891,17714,12550,13678,9983,13906,19704,13814
9585,5962,16511,19173,8420,9051,7903,18114,6337,14810,12952,13236,14259,10777.5,7296,16180,19466,19606.5,19747,17691,13677,6663,19757,11554,13804,6247,11874,17745,6821,14050,16057,8193.0,8272.5,16216,10142,16807,12621,10846,15611,6180,11905,14318,11776,10469,9659,11764
11992,12884,15256,13407,8108,19380,19263,4838,5334,16145,16601,17196,16214,6230,11113.5,15997,8071,13456,4818,9289,15786,6632,11003,15719,15786.5,15854,5899,13865,19861,8177,13195
12503,19207,14437,10894,17839,8255,11702,5967,12887,16543,17164,16690,7975,16142,10718,14498,9218,10723,13318,12492,12071,18488,17721,12389.5,7058,10809,12074,10880,18023,7793,9175,18928,14939,13080,6104,19189,11241,6870,14425,11787,16263,16432,8388.0,17449,10123,18827,13071,7055,12946,7557,7024,14559,16648,15636,7422,7931,8461,9469,11403
11571,8216,17391,13239,18647,19995,7172,6291,11378,8408,11821.0,15234,12736,15131,7681,18697,17814,19143,6278,14853,17713,11972.0,6231,18405,6056,8234,8886,12942,17819,10867.5,15207,14960,19835,14309,17781,14001
11463,7828,6393,7780,7268,16882,14062,8886,16630,9572,17787,15337,14916,5496,8331,13968,15246,10653,9111.0,7569,10922,10655,15770,13994.0,12218,15228,9910,19997,14431,19831,8977,9739,6866,15216,12200,14351,9422,17672,11489,6953,19386,6592,15392
7808,9556,6393,14050,13690,8457,5310,7039,18885,15984,5759,8424,17194,19229,10990,5016,9434,16618,19613,11331,17964,6341,16631,6588,10573,11050,9837,6773,7843,5247,11092,14231,17815,13370,5330,12611,18613,7237,5040.0,5795,11770,12421,9208,8925
9464,8951,5493,5661,12743,13216,4866,13958,6426,6495,9343,13064,14039,19309,15151,17929,4802,9793,17154,16597,5400,9791,8461,18399,9114,13948,10273,13844.0,17415,11692,13425,8627,10660,19230,15193,6867.0,11831,11090,14642,5681,10894
12053,15408,16255,11264,5229,12916,8079,5138,11810,13664,13798,7072,15677,13018,8484,17997
